 Bloque desde 500 a 999 y 0 a 499: 
 	 Desvio: 6.708204
 	 Media: 200.54005
 Bloque desde 0 a 499 y 1500 a 1999: 
 	 Desvio: 7.2111025
 	 Media: 195.3452
